{
 "cells": [
  {
   "cell_type": "code",
   "execution_count": 1,
   "id": "cc044436-35e9-4395-b1d8-e614e58d4e8b",
   "metadata": {},
   "outputs": [],
   "source": [
    "import pandas as pd"
   ]
  },
  {
   "cell_type": "code",
   "execution_count": 2,
   "id": "6a928d47-0f12-418d-a4e5-9af6ce74cc04",
   "metadata": {},
   "outputs": [],
   "source": [
    "dataset=pd.read_csv(\"PlacemntWithoutNull.csv\")"
   ]
  },
  {
   "cell_type": "code",
   "execution_count": 3,
   "id": "bb94dcaa-cc95-4faf-b27f-0c657242c3f8",
   "metadata": {},
   "outputs": [
    {
     "data": {
      "text/html": [
       "<div>\n",
       "<style scoped>\n",
       "    .dataframe tbody tr th:only-of-type {\n",
       "        vertical-align: middle;\n",
       "    }\n",
       "\n",
       "    .dataframe tbody tr th {\n",
       "        vertical-align: top;\n",
       "    }\n",
       "\n",
       "    .dataframe thead th {\n",
       "        text-align: right;\n",
       "    }\n",
       "</style>\n",
       "<table border=\"1\" class=\"dataframe\">\n",
       "  <thead>\n",
       "    <tr style=\"text-align: right;\">\n",
       "      <th></th>\n",
       "      <th>sl_no</th>\n",
       "      <th>gender</th>\n",
       "      <th>ssc_p</th>\n",
       "      <th>ssc_b</th>\n",
       "      <th>hsc_p</th>\n",
       "      <th>hsc_b</th>\n",
       "      <th>hsc_s</th>\n",
       "      <th>degree_p</th>\n",
       "      <th>degree_t</th>\n",
       "      <th>workex</th>\n",
       "      <th>etest_p</th>\n",
       "      <th>specialisation</th>\n",
       "      <th>mba_p</th>\n",
       "      <th>status</th>\n",
       "      <th>salary</th>\n",
       "    </tr>\n",
       "  </thead>\n",
       "  <tbody>\n",
       "    <tr>\n",
       "      <th>0</th>\n",
       "      <td>1</td>\n",
       "      <td>M</td>\n",
       "      <td>67.00</td>\n",
       "      <td>Others</td>\n",
       "      <td>91.00</td>\n",
       "      <td>Others</td>\n",
       "      <td>Commerce</td>\n",
       "      <td>58.00</td>\n",
       "      <td>Sci&amp;Tech</td>\n",
       "      <td>No</td>\n",
       "      <td>55.0</td>\n",
       "      <td>Mkt&amp;HR</td>\n",
       "      <td>58.80</td>\n",
       "      <td>Placed</td>\n",
       "      <td>270000.0</td>\n",
       "    </tr>\n",
       "    <tr>\n",
       "      <th>1</th>\n",
       "      <td>2</td>\n",
       "      <td>M</td>\n",
       "      <td>79.33</td>\n",
       "      <td>Central</td>\n",
       "      <td>78.33</td>\n",
       "      <td>Others</td>\n",
       "      <td>Science</td>\n",
       "      <td>77.48</td>\n",
       "      <td>Sci&amp;Tech</td>\n",
       "      <td>Yes</td>\n",
       "      <td>86.5</td>\n",
       "      <td>Mkt&amp;Fin</td>\n",
       "      <td>66.28</td>\n",
       "      <td>Placed</td>\n",
       "      <td>200000.0</td>\n",
       "    </tr>\n",
       "    <tr>\n",
       "      <th>2</th>\n",
       "      <td>3</td>\n",
       "      <td>M</td>\n",
       "      <td>65.00</td>\n",
       "      <td>Central</td>\n",
       "      <td>68.00</td>\n",
       "      <td>Central</td>\n",
       "      <td>Arts</td>\n",
       "      <td>64.00</td>\n",
       "      <td>Comm&amp;Mgmt</td>\n",
       "      <td>No</td>\n",
       "      <td>75.0</td>\n",
       "      <td>Mkt&amp;Fin</td>\n",
       "      <td>57.80</td>\n",
       "      <td>Placed</td>\n",
       "      <td>250000.0</td>\n",
       "    </tr>\n",
       "    <tr>\n",
       "      <th>3</th>\n",
       "      <td>4</td>\n",
       "      <td>M</td>\n",
       "      <td>56.00</td>\n",
       "      <td>Central</td>\n",
       "      <td>52.00</td>\n",
       "      <td>Central</td>\n",
       "      <td>Science</td>\n",
       "      <td>52.00</td>\n",
       "      <td>Sci&amp;Tech</td>\n",
       "      <td>No</td>\n",
       "      <td>66.0</td>\n",
       "      <td>Mkt&amp;HR</td>\n",
       "      <td>59.43</td>\n",
       "      <td>Not Placed</td>\n",
       "      <td>0.0</td>\n",
       "    </tr>\n",
       "    <tr>\n",
       "      <th>4</th>\n",
       "      <td>5</td>\n",
       "      <td>M</td>\n",
       "      <td>85.80</td>\n",
       "      <td>Central</td>\n",
       "      <td>73.60</td>\n",
       "      <td>Central</td>\n",
       "      <td>Commerce</td>\n",
       "      <td>73.30</td>\n",
       "      <td>Comm&amp;Mgmt</td>\n",
       "      <td>No</td>\n",
       "      <td>96.8</td>\n",
       "      <td>Mkt&amp;Fin</td>\n",
       "      <td>55.50</td>\n",
       "      <td>Placed</td>\n",
       "      <td>425000.0</td>\n",
       "    </tr>\n",
       "    <tr>\n",
       "      <th>...</th>\n",
       "      <td>...</td>\n",
       "      <td>...</td>\n",
       "      <td>...</td>\n",
       "      <td>...</td>\n",
       "      <td>...</td>\n",
       "      <td>...</td>\n",
       "      <td>...</td>\n",
       "      <td>...</td>\n",
       "      <td>...</td>\n",
       "      <td>...</td>\n",
       "      <td>...</td>\n",
       "      <td>...</td>\n",
       "      <td>...</td>\n",
       "      <td>...</td>\n",
       "      <td>...</td>\n",
       "    </tr>\n",
       "    <tr>\n",
       "      <th>210</th>\n",
       "      <td>211</td>\n",
       "      <td>M</td>\n",
       "      <td>80.60</td>\n",
       "      <td>Others</td>\n",
       "      <td>82.00</td>\n",
       "      <td>Others</td>\n",
       "      <td>Commerce</td>\n",
       "      <td>77.60</td>\n",
       "      <td>Comm&amp;Mgmt</td>\n",
       "      <td>No</td>\n",
       "      <td>91.0</td>\n",
       "      <td>Mkt&amp;Fin</td>\n",
       "      <td>74.49</td>\n",
       "      <td>Placed</td>\n",
       "      <td>400000.0</td>\n",
       "    </tr>\n",
       "    <tr>\n",
       "      <th>211</th>\n",
       "      <td>212</td>\n",
       "      <td>M</td>\n",
       "      <td>58.00</td>\n",
       "      <td>Others</td>\n",
       "      <td>60.00</td>\n",
       "      <td>Others</td>\n",
       "      <td>Science</td>\n",
       "      <td>72.00</td>\n",
       "      <td>Sci&amp;Tech</td>\n",
       "      <td>No</td>\n",
       "      <td>74.0</td>\n",
       "      <td>Mkt&amp;Fin</td>\n",
       "      <td>53.62</td>\n",
       "      <td>Placed</td>\n",
       "      <td>275000.0</td>\n",
       "    </tr>\n",
       "    <tr>\n",
       "      <th>212</th>\n",
       "      <td>213</td>\n",
       "      <td>M</td>\n",
       "      <td>67.00</td>\n",
       "      <td>Others</td>\n",
       "      <td>67.00</td>\n",
       "      <td>Others</td>\n",
       "      <td>Commerce</td>\n",
       "      <td>73.00</td>\n",
       "      <td>Comm&amp;Mgmt</td>\n",
       "      <td>Yes</td>\n",
       "      <td>59.0</td>\n",
       "      <td>Mkt&amp;Fin</td>\n",
       "      <td>69.72</td>\n",
       "      <td>Placed</td>\n",
       "      <td>295000.0</td>\n",
       "    </tr>\n",
       "    <tr>\n",
       "      <th>213</th>\n",
       "      <td>214</td>\n",
       "      <td>F</td>\n",
       "      <td>74.00</td>\n",
       "      <td>Others</td>\n",
       "      <td>66.00</td>\n",
       "      <td>Others</td>\n",
       "      <td>Commerce</td>\n",
       "      <td>58.00</td>\n",
       "      <td>Comm&amp;Mgmt</td>\n",
       "      <td>No</td>\n",
       "      <td>70.0</td>\n",
       "      <td>Mkt&amp;HR</td>\n",
       "      <td>60.23</td>\n",
       "      <td>Placed</td>\n",
       "      <td>204000.0</td>\n",
       "    </tr>\n",
       "    <tr>\n",
       "      <th>214</th>\n",
       "      <td>215</td>\n",
       "      <td>M</td>\n",
       "      <td>62.00</td>\n",
       "      <td>Central</td>\n",
       "      <td>58.00</td>\n",
       "      <td>Others</td>\n",
       "      <td>Science</td>\n",
       "      <td>53.00</td>\n",
       "      <td>Comm&amp;Mgmt</td>\n",
       "      <td>No</td>\n",
       "      <td>89.0</td>\n",
       "      <td>Mkt&amp;HR</td>\n",
       "      <td>60.22</td>\n",
       "      <td>Not Placed</td>\n",
       "      <td>0.0</td>\n",
       "    </tr>\n",
       "  </tbody>\n",
       "</table>\n",
       "<p>215 rows × 15 columns</p>\n",
       "</div>"
      ],
      "text/plain": [
       "     sl_no gender  ssc_p    ssc_b  hsc_p    hsc_b     hsc_s  degree_p  \\\n",
       "0        1      M  67.00   Others  91.00   Others  Commerce     58.00   \n",
       "1        2      M  79.33  Central  78.33   Others   Science     77.48   \n",
       "2        3      M  65.00  Central  68.00  Central      Arts     64.00   \n",
       "3        4      M  56.00  Central  52.00  Central   Science     52.00   \n",
       "4        5      M  85.80  Central  73.60  Central  Commerce     73.30   \n",
       "..     ...    ...    ...      ...    ...      ...       ...       ...   \n",
       "210    211      M  80.60   Others  82.00   Others  Commerce     77.60   \n",
       "211    212      M  58.00   Others  60.00   Others   Science     72.00   \n",
       "212    213      M  67.00   Others  67.00   Others  Commerce     73.00   \n",
       "213    214      F  74.00   Others  66.00   Others  Commerce     58.00   \n",
       "214    215      M  62.00  Central  58.00   Others   Science     53.00   \n",
       "\n",
       "      degree_t workex  etest_p specialisation  mba_p      status    salary  \n",
       "0     Sci&Tech     No     55.0         Mkt&HR  58.80      Placed  270000.0  \n",
       "1     Sci&Tech    Yes     86.5        Mkt&Fin  66.28      Placed  200000.0  \n",
       "2    Comm&Mgmt     No     75.0        Mkt&Fin  57.80      Placed  250000.0  \n",
       "3     Sci&Tech     No     66.0         Mkt&HR  59.43  Not Placed       0.0  \n",
       "4    Comm&Mgmt     No     96.8        Mkt&Fin  55.50      Placed  425000.0  \n",
       "..         ...    ...      ...            ...    ...         ...       ...  \n",
       "210  Comm&Mgmt     No     91.0        Mkt&Fin  74.49      Placed  400000.0  \n",
       "211   Sci&Tech     No     74.0        Mkt&Fin  53.62      Placed  275000.0  \n",
       "212  Comm&Mgmt    Yes     59.0        Mkt&Fin  69.72      Placed  295000.0  \n",
       "213  Comm&Mgmt     No     70.0         Mkt&HR  60.23      Placed  204000.0  \n",
       "214  Comm&Mgmt     No     89.0         Mkt&HR  60.22  Not Placed       0.0  \n",
       "\n",
       "[215 rows x 15 columns]"
      ]
     },
     "execution_count": 3,
     "metadata": {},
     "output_type": "execute_result"
    }
   ],
   "source": [
    "dataset"
   ]
  },
  {
   "cell_type": "code",
   "execution_count": 4,
   "id": "b7ff6d38-633c-4a4c-992a-4946403f73af",
   "metadata": {},
   "outputs": [
    {
     "data": {
      "text/plain": [
       "sl_no             0\n",
       "gender            0\n",
       "ssc_p             0\n",
       "ssc_b             0\n",
       "hsc_p             0\n",
       "hsc_b             0\n",
       "hsc_s             0\n",
       "degree_p          0\n",
       "degree_t          0\n",
       "workex            0\n",
       "etest_p           0\n",
       "specialisation    0\n",
       "mba_p             0\n",
       "status            0\n",
       "salary            0\n",
       "dtype: int64"
      ]
     },
     "execution_count": 4,
     "metadata": {},
     "output_type": "execute_result"
    }
   ],
   "source": [
    "dataset.isna().sum()"
   ]
  },
  {
   "cell_type": "code",
   "execution_count": 22,
   "id": "638e43ed-8f59-4467-9493-c35481a9950d",
   "metadata": {},
   "outputs": [],
   "source": [
    "dataset=dataset.drop('sl_no',axis = 1)"
   ]
  },
  {
   "cell_type": "code",
   "execution_count": null,
   "id": "1af82df2-04ec-43ce-8aba-1a840530b0ce",
   "metadata": {},
   "outputs": [],
   "source": []
  },
  {
   "cell_type": "code",
   "execution_count": 23,
   "id": "3bdd5470-9d75-4665-9a1d-6a541baf23d8",
   "metadata": {},
   "outputs": [
    {
     "data": {
      "text/plain": [
       "Index(['gender', 'ssc_p', 'ssc_b', 'hsc_p', 'hsc_b', 'hsc_s', 'degree_p',\n",
       "       'degree_t', 'workex', 'etest_p', 'specialisation', 'mba_p', 'status',\n",
       "       'salary'],\n",
       "      dtype='object')"
      ]
     },
     "execution_count": 23,
     "metadata": {},
     "output_type": "execute_result"
    }
   ],
   "source": [
    "dataset.columns"
   ]
  },
  {
   "cell_type": "code",
   "execution_count": 24,
   "id": "2a9dd7fc-5090-4b2b-952f-cbdc334556ee",
   "metadata": {},
   "outputs": [],
   "source": [
    "quan = []\n",
    "qual = []\n",
    "for colName in dataset.columns:\n",
    "    if ((dataset[colName].dtypes) == 'O') :\n",
    "        qual.append(colName)\n",
    "    else:\n",
    "        quan.append(colName)\n"
   ]
  },
  {
   "cell_type": "code",
   "execution_count": 34,
   "id": "82fec6d3-1a19-4f4c-8a98-98828e707bcd",
   "metadata": {},
   "outputs": [
    {
     "data": {
      "text/plain": [
       "['ssc_p', 'hsc_p', 'degree_p', 'etest_p', 'mba_p', 'salary']"
      ]
     },
     "execution_count": 34,
     "metadata": {},
     "output_type": "execute_result"
    }
   ],
   "source": [
    "quan"
   ]
  },
  {
   "cell_type": "code",
   "execution_count": 37,
   "id": "60279804-49ea-48f6-8d79-b7aabd96019c",
   "metadata": {},
   "outputs": [
    {
     "data": {
      "text/html": [
       "<div>\n",
       "<style scoped>\n",
       "    .dataframe tbody tr th:only-of-type {\n",
       "        vertical-align: middle;\n",
       "    }\n",
       "\n",
       "    .dataframe tbody tr th {\n",
       "        vertical-align: top;\n",
       "    }\n",
       "\n",
       "    .dataframe thead th {\n",
       "        text-align: right;\n",
       "    }\n",
       "</style>\n",
       "<table border=\"1\" class=\"dataframe\">\n",
       "  <thead>\n",
       "    <tr style=\"text-align: right;\">\n",
       "      <th></th>\n",
       "      <th>ssc_p</th>\n",
       "      <th>hsc_p</th>\n",
       "      <th>degree_p</th>\n",
       "      <th>etest_p</th>\n",
       "      <th>mba_p</th>\n",
       "      <th>salary</th>\n",
       "    </tr>\n",
       "  </thead>\n",
       "  <tbody>\n",
       "    <tr>\n",
       "      <th>ssc_p</th>\n",
       "      <td>117.228377</td>\n",
       "      <td>60.348373</td>\n",
       "      <td>42.897137</td>\n",
       "      <td>37.659225</td>\n",
       "      <td>24.535952</td>\n",
       "      <td>9.017549e+05</td>\n",
       "    </tr>\n",
       "    <tr>\n",
       "      <th>hsc_p</th>\n",
       "      <td>60.348373</td>\n",
       "      <td>118.755706</td>\n",
       "      <td>34.819820</td>\n",
       "      <td>35.461678</td>\n",
       "      <td>22.555846</td>\n",
       "      <td>7.633598e+05</td>\n",
       "    </tr>\n",
       "    <tr>\n",
       "      <th>degree_p</th>\n",
       "      <td>42.897137</td>\n",
       "      <td>34.819820</td>\n",
       "      <td>54.151103</td>\n",
       "      <td>21.929469</td>\n",
       "      <td>17.272020</td>\n",
       "      <td>4.651315e+05</td>\n",
       "    </tr>\n",
       "    <tr>\n",
       "      <th>etest_p</th>\n",
       "      <td>37.659225</td>\n",
       "      <td>35.461678</td>\n",
       "      <td>21.929469</td>\n",
       "      <td>176.251018</td>\n",
       "      <td>16.886973</td>\n",
       "      <td>3.842344e+05</td>\n",
       "    </tr>\n",
       "    <tr>\n",
       "      <th>mba_p</th>\n",
       "      <td>24.535952</td>\n",
       "      <td>22.555846</td>\n",
       "      <td>17.272020</td>\n",
       "      <td>16.886973</td>\n",
       "      <td>34.028376</td>\n",
       "      <td>1.262455e+05</td>\n",
       "    </tr>\n",
       "    <tr>\n",
       "      <th>salary</th>\n",
       "      <td>901754.893936</td>\n",
       "      <td>763359.777657</td>\n",
       "      <td>465131.504238</td>\n",
       "      <td>384234.419257</td>\n",
       "      <td>126245.485547</td>\n",
       "      <td>2.395714e+10</td>\n",
       "    </tr>\n",
       "  </tbody>\n",
       "</table>\n",
       "</div>"
      ],
      "text/plain": [
       "                  ssc_p          hsc_p       degree_p        etest_p  \\\n",
       "ssc_p        117.228377      60.348373      42.897137      37.659225   \n",
       "hsc_p         60.348373     118.755706      34.819820      35.461678   \n",
       "degree_p      42.897137      34.819820      54.151103      21.929469   \n",
       "etest_p       37.659225      35.461678      21.929469     176.251018   \n",
       "mba_p         24.535952      22.555846      17.272020      16.886973   \n",
       "salary    901754.893936  763359.777657  465131.504238  384234.419257   \n",
       "\n",
       "                  mba_p        salary  \n",
       "ssc_p         24.535952  9.017549e+05  \n",
       "hsc_p         22.555846  7.633598e+05  \n",
       "degree_p      17.272020  4.651315e+05  \n",
       "etest_p       16.886973  3.842344e+05  \n",
       "mba_p         34.028376  1.262455e+05  \n",
       "salary    126245.485547  2.395714e+10  "
      ]
     },
     "execution_count": 37,
     "metadata": {},
     "output_type": "execute_result"
    }
   ],
   "source": [
    "dataset[quan].cov()"
   ]
  },
  {
   "cell_type": "code",
   "execution_count": 38,
   "id": "559c6dc9-9d7b-4038-9594-861c568ddf16",
   "metadata": {},
   "outputs": [],
   "source": [
    "# covariance of degree_p and etest_p is 21.929469 which is in \"+ve\" covariance\n",
    "# covariance of etest_p and mba_p is 16.886973 which is in \"+ve\" covariance"
   ]
  },
  {
   "cell_type": "code",
   "execution_count": 40,
   "id": "cedd5c3a-3626-4cf4-8b21-dc73b078930a",
   "metadata": {},
   "outputs": [
    {
     "data": {
      "text/html": [
       "<div>\n",
       "<style scoped>\n",
       "    .dataframe tbody tr th:only-of-type {\n",
       "        vertical-align: middle;\n",
       "    }\n",
       "\n",
       "    .dataframe tbody tr th {\n",
       "        vertical-align: top;\n",
       "    }\n",
       "\n",
       "    .dataframe thead th {\n",
       "        text-align: right;\n",
       "    }\n",
       "</style>\n",
       "<table border=\"1\" class=\"dataframe\">\n",
       "  <thead>\n",
       "    <tr style=\"text-align: right;\">\n",
       "      <th></th>\n",
       "      <th>ssc_p</th>\n",
       "      <th>hsc_p</th>\n",
       "      <th>degree_p</th>\n",
       "      <th>etest_p</th>\n",
       "      <th>mba_p</th>\n",
       "      <th>salary</th>\n",
       "    </tr>\n",
       "  </thead>\n",
       "  <tbody>\n",
       "    <tr>\n",
       "      <th>ssc_p</th>\n",
       "      <td>1.000000</td>\n",
       "      <td>0.511472</td>\n",
       "      <td>0.538404</td>\n",
       "      <td>0.261993</td>\n",
       "      <td>0.388478</td>\n",
       "      <td>0.538090</td>\n",
       "    </tr>\n",
       "    <tr>\n",
       "      <th>hsc_p</th>\n",
       "      <td>0.511472</td>\n",
       "      <td>1.000000</td>\n",
       "      <td>0.434206</td>\n",
       "      <td>0.245113</td>\n",
       "      <td>0.354823</td>\n",
       "      <td>0.452569</td>\n",
       "    </tr>\n",
       "    <tr>\n",
       "      <th>degree_p</th>\n",
       "      <td>0.538404</td>\n",
       "      <td>0.434206</td>\n",
       "      <td>1.000000</td>\n",
       "      <td>0.224470</td>\n",
       "      <td>0.402364</td>\n",
       "      <td>0.408371</td>\n",
       "    </tr>\n",
       "    <tr>\n",
       "      <th>etest_p</th>\n",
       "      <td>0.261993</td>\n",
       "      <td>0.245113</td>\n",
       "      <td>0.224470</td>\n",
       "      <td>1.000000</td>\n",
       "      <td>0.218055</td>\n",
       "      <td>0.186988</td>\n",
       "    </tr>\n",
       "    <tr>\n",
       "      <th>mba_p</th>\n",
       "      <td>0.388478</td>\n",
       "      <td>0.354823</td>\n",
       "      <td>0.402364</td>\n",
       "      <td>0.218055</td>\n",
       "      <td>1.000000</td>\n",
       "      <td>0.139823</td>\n",
       "    </tr>\n",
       "    <tr>\n",
       "      <th>salary</th>\n",
       "      <td>0.538090</td>\n",
       "      <td>0.452569</td>\n",
       "      <td>0.408371</td>\n",
       "      <td>0.186988</td>\n",
       "      <td>0.139823</td>\n",
       "      <td>1.000000</td>\n",
       "    </tr>\n",
       "  </tbody>\n",
       "</table>\n",
       "</div>"
      ],
      "text/plain": [
       "             ssc_p     hsc_p  degree_p   etest_p     mba_p    salary\n",
       "ssc_p     1.000000  0.511472  0.538404  0.261993  0.388478  0.538090\n",
       "hsc_p     0.511472  1.000000  0.434206  0.245113  0.354823  0.452569\n",
       "degree_p  0.538404  0.434206  1.000000  0.224470  0.402364  0.408371\n",
       "etest_p   0.261993  0.245113  0.224470  1.000000  0.218055  0.186988\n",
       "mba_p     0.388478  0.354823  0.402364  0.218055  1.000000  0.139823\n",
       "salary    0.538090  0.452569  0.408371  0.186988  0.139823  1.000000"
      ]
     },
     "execution_count": 40,
     "metadata": {},
     "output_type": "execute_result"
    }
   ],
   "source": [
    "dataset[quan].corr()"
   ]
  },
  {
   "cell_type": "code",
   "execution_count": null,
   "id": "aba4e427-e839-41ea-a2f3-d1d1469ab813",
   "metadata": {},
   "outputs": [],
   "source": [
    "# correlation of mba_p and salary is 0.139823 which is low degree \"+ve\" correlation"
   ]
  }
 ],
 "metadata": {
  "kernelspec": {
   "display_name": "Python 3 (ipykernel)",
   "language": "python",
   "name": "python3"
  },
  "language_info": {
   "codemirror_mode": {
    "name": "ipython",
    "version": 3
   },
   "file_extension": ".py",
   "mimetype": "text/x-python",
   "name": "python",
   "nbconvert_exporter": "python",
   "pygments_lexer": "ipython3",
   "version": "3.11.2"
  }
 },
 "nbformat": 4,
 "nbformat_minor": 5
}
